sprite
=======   C0643A3158448A89
00 00     8C90601629444403
00 00
FF 7E
FF 7E		Lightning
70 66		left
FF 7E	0102040814223080
FF 7E
07 66		right
	8040201028330201
07 66
FF 66		center left
FF 66	0102040818244281
00 00
00 00		center right
00 00	8040201018244281
00 00
00 00
=======
00 00
00 00
FF FD
FF FD
18 CD
18 FD
18 FD
18 CD

18 CD
3C CD
3C CD
00 00
00 00
00 00
00 00
00 00
========
00 00
06 00
FB FE
F9 FE
99 C0
99 FE
99 FE
98 07

98 07
99 FE
99 FE
00 00
00 00
00 00
00 00
00 00
=======
KEEP
=======
00 00
00 00
F7 7F
E7 7F
E6 60
FE 7C
FC 3C
E6 60

E6 60
FE 7F
FE 7F
00 00
00 00
00 00
00 00
00 00
=======
00 00
00 00
7F 7E
7F 77
60 23
7C 37
7C 3E
60 30

60 30
7F 78
7F 78
00 00
00 00
00 00
00 00
00 00
=======
RED
=======
00 00 00 00 00 00
00 00 00 00 01 00
00 81 00 02 04 01
00 81 00 02 04 01
10 11 67 22 44 20
00 81 04 02 44 01
00 81 04 02 44 01
78 91 04 32 44 71


00 91 04 22 44 01
00 91 02 22 44 01
00 91 02 22 44 01
7F B3 1E E6 44 FF
00 00 00 00 00 00
00 00 00 00 00 00
00 00 00 00 00 00
00 00 00 00 00 00
========
KEEP
======
00 00 00 00 00
00 00 00 00 00
08 80 80 81 00
10 80 80 88 80
11 10 10 10 80
01 02 02 08 80
02 02 02 01 00
11 10 10 08 00
     
11 10 10 08 
08 80 80 84
08 80 80 84
7B BF BF BC
00 00 00 00
00 00 00 00
00 00 00 00
00 00 00 00