10 !THEME
20 !PLAYER1
100 CALL SOUND(200,131,20,262,20) :: CALL SOUND(200,131,20,262,20,262,20)
110 CALL SOUND(200,131,20,262,20,330,20) :: CALL SOUND(200,131,20,262,20,392,20)
120 CALL SOUND(200,131,20,262,20,330,20) :: CALL SOUND(200,131,20,262,20,262,20)
130 CALL SOUND(200,131,20,262,20,466,20) :: CALL SOUND(200,131,20,262,20,392,20)
140 CALL SOUND(200,131,20,262,20,440,20) :: CALL SOUND(200,131,20,262,20,262,20)
150 CALL SOUND(200,131,20,262,20,330,20) :: CALL SOUND(200,131,20,262,20,440,20)
160 CALL SOUND(200,131,20,262,20,330,20) :: CALL SOUND(200,131,20,262,20,262,20)
170 CALL SOUND(200,131,20,262,20,523,20) :: CALL SOUND(200,131,20,262,20,440,20)
180 CALL SOUND(200,131,20,262,20,494,20) :: CALL SOUND(200,131,20,262,20,392,20)
190 CALL SOUND(200,131,20,262,20,494,20) :: CALL SOUND(200,131,20,262,20,587,20)
200 CALL SOUND(200,131,20,262,20,494,20) :: CALL SOUND(200,131,20,262,20,392,20)
210 CALL SOUND(200,131,20,262,20,698,20) :: CALL SOUND(200,131,20,262,20,587,20)
220 CALL SOUND(200,523,20,659,20) :: CALL SOUND(200,523,20,659,20,262,20)
230 CALL SOUND(200,523,20,659,20,330,20) :: CALL SOUND(200,523,20,659,20,392,20)
240 CALL SOUND(200,330,20) :: CALL SOUND(200,262,20)
250 CALL SOUND(200,131,20,262,20,523,20) :: CALL SOUND(200,131,20,262,20,330,20)
260 CALL SOUND(200,440,20,587,20,370,20) :: CALL SOUND(200,440,20,587,20,294,20)
270 CALL SOUND(200,440,20,587,20,370,20) :: CALL SOUND(200,440,20,587,20,440,20)
280 CALL SOUND(200,370,20) :: CALL SOUND(200,294,20)
290 CALL SOUND(200,523,20,440,20,587,20) :: CALL SOUND(200,523,20,440,20,370,20)
300 CALL SOUND(200,196,20,247,20,294,20) :: CALL SOUND(200,196,20,392,20)
310 CALL SOUND(200,196,20,494,20) :: CALL SOUND(200,196,20,587,20)
320 CALL SOUND(400,392,20,394,20) :: CALL SOUND(400,196,20,494,20,659,20)
330 CALL SOUND(200,523,20,220,20) :: CALL SOUND(200,523,20,110,20)
340 CALL SOUND(200,523,20,131,20) :: CALL SOUND(200,523,20,165,20)
350 CALL SOUND(200,131,20) :: CALL SOUND(200,111,20)
360 CALL SOUND(200,440,20,523,20,192,20) :: CALL SOUND(200,440,20,523,20,165,20)
370 CALL SOUND(200,185,20,440,20,523,20) :: CALL SOUND(200,185,20,294,20)
380 CALL SOUND(200,185,20,370,20) :: CALL SOUND(200,185,20,440,20)
390 CALL SOUND(200,370,20) :: CALL SOUND(200,294,20)
400 CALL SOUND(200,147,20,523,20) :: CALL SOUND(200,147,20,440,20)
410 CALL SOUND(200,330,20,494,20) :: CALL SOUND(200,330,20,392,20)
420 CALL SOUND(200,165,20,494,20) :: CALL SOUND(200,165,20,587,20)
430 CALL SOUND(200,330,20,494,20) :: CALL SOUND(200,330,20,392,20)
440 CALL SOUND(200,330,20,698,20) :: CALL SOUND(200,165,20,587,20)
450 CALL SOUND(200,330,20,659,20) :: CALL SOUND(200,330,20,784,20)
460 CALL SOUND(200,165,20,523,20) :: CALL SOUND(200,165,20,659,20)
470 CALL SOUND(200,330,20,523,20) :: CALL SOUND(200,330,20,392,20)
480 CALL SOUND(200,330,20,784,20) :: CALL SOUND(200,165,20,659,20)
490 CALL SOUND(200,330,20,740,20) :: CALL SOUND(200,330,20,440,20)
500 CALL SOUND(200,165,20,523,20) :: CALL SOUND(200,165,20,740,20)
510 CALL SOUND(200,330,20,523,20) :: CALL SOUND(200,330,20,440,20)
520 CALL SOUND(200,330,20,880,20) :: CALL SOUND(200,165,20,740,20)
530 CALL SOUND(200,784,20,587,20,392,20) :: CALL SOUND(200,784,20,587,20,196,20)
540 CALL SOUND(200,784,20,587,20,247,20) :: CALL SOUND(200,784,20,587,20,294,20)
550 CALL SOUND(200,247,20) :: CALL SOUND(200,196,20)
560 CALL SOUND(200,494,20,349,20) :: CALL SOUND(200,494,20,294,20)
570 CALL SOUND(200,523,20,330,20) :: CALL SOUND(200,659,20,262,20)
580 CALL SOUND(200,784,20,330,20) :: CALL SOUND(200,1047,20,392,20)
590 CALL SOUND(200,784,20,330,20) :: CALL SOUND(200,659,20,262,20)
600 CALL SOUND(200,932,20,523,20) :: CALL SOUND(200,784,20,330,20)
610 CALL SOUND(100,175,20,880,20) :: CALL SOUND(100,175,20,784,20)
620 CALL SOUND(100,175,20,698,20) :: CALL SOUND(100,175,20,659,20)
630 CALL SOUND(100,175,20,587,20) :: CALL SOUND(100,175,20,523,20)
640 CALL SOUND(100,175,20,494,20) :: CALL SOUND(100,175,20,440,20)
650 CALL SOUND(100,175,20,494,20) :: CALL SOUND(100,175,20,392,20)
660 CALL SOUND(100,175,20,440,20) :: CALL SOUND(100,175,20,494,20)
670 CALL SOUND(100,175,20,523,20) :: CALL SOUND(100,175,20,587,20)
680 CALL SOUND(100,175,20,659,20) :: CALL SOUND(100,175,20,698,20)
690 CALL SOUND(200,784,20,175,20) :: CALL SOUND(200,784,20,147,20)
700 CALL SOUND(200,523,20,392,20,165,20) :: CALL SOUND(200,523,20,392,20,131,20)
710 CALL SOUND(400,523,20,392,20,196,20) :: CALL SOUND(400,494,20,294,20,196,20)
720 CALL SOUND(800,131,20,330,20,523,20) :: CALL SOUND(4000,110,30,110,30,110,30)
730 GOTO 10
740 STOP
750 !QWIT
760 !PLAYER1
770 CALL SOUND(10,110,30,110,30,110,30)
780 STOP

!780 CALL SOUND(1,110,30,110,30,110,30)