10 !RING
15 !PLAYER1
20 CALL SOUND(200,880,29,554,29,117,29) :: CALL SOUND(200,880,27,554,27,117,29) :: CALL SOUND(200,880,25,554,25,175,29)
30 CALL SOUND(200,880,22,554,22,175,29) :: CALL SOUND(200,932,29,554,29,233,29) :: CALL SOUND(200,932,27,554,27,233,29)
40 CALL SOUND(200,932,25,554,25,277,29) :: CALL SOUND(200,932,22,554,22,277,29) :: CALL SOUND(200,932,20,554,20,349,29)
50 CALL SOUND(200,932,20,554,20,349,29) :: CALL SOUND(200,277,29) :: CALL SOUND(200,880,20,277,29)
60 CALL SOUND(200,932,20,233,29) :: CALL SOUND(200,880,20,233,29) :: CALL SOUND(200,784,20,175,29)
70 CALL SOUND(200,932,23,175,29) :: CALL SOUND(200,880,25,587,29,147,29) :: CALL SOUND(200,880,27,587,27,147,29)
80 CALL SOUND(200,880,25,587,25,220,29) :: CALL SOUND(200,880,23,587,23,220,29) :: CALL SOUND(200,587,25,440,25,294,29)
90 CALL SOUND(200,587,27,440,27,294,29) :: CALL SOUND(200,587,29,440,29,175,29) :: CALL SOUND(200,587,29,440,29,175,29)
100 CALL SOUND(400,587,29,440,29,110,29) :: CALL SOUND(400,587,29,440,29,175,29) :: CALL SOUND(400,587,29,440,29,294,29)
110 CALL SOUND(400,587,29,440,29,220,29)
120 CALL SOUND(200,880,29,554,29,117,29) :: CALL SOUND(200,880,28,554,28,117,29) :: CALL SOUND(200,880,27,554,27,175,29)
130 CALL SOUND(200,880,26,554,26,175,29) :: CALL SOUND(200,932,27,554,27,233,29) :: CALL SOUND(200,932,27,554,27,233,29)
140 CALL SOUND(200,932,25,554,25,277,29) :: CALL SOUND(200,932,23,554,23,277,29) :: CALL SOUND(200,932,22,554,22,349,29)
150 CALL SOUND(200,932,22,554,22,349,29) :: CALL SOUND(200,277,29) :: CALL SOUND(200,880,24,277,29)
160 CALL SOUND(200,932,24,233,29) :: CALL SOUND(200,880,24,233,29) :: CALL SOUND(200,784,24,175,29)
170 CALL SOUND(200,932,24,175,29) :: CALL SOUND(200,880,29,587,29,147,29) :: CALL SOUND(200,880,27,587,27,147,29)
180 CALL SOUND(200,880,25,587,25,220,29) :: CALL SOUND(200,880,24,587,24,220,29) :: CALL SOUND(200,880,23,587,23,294,29)
190 CALL SOUND(200,880,22,587,22,294,29) :: CALL SOUND(200,880,22,587,22,349,29) :: CALL SOUND(200,880,22,587,22,349,29)
200 CALL SOUND(200,880,23,587,23,440,29) :: CALL SOUND(200,880,24,587,24,440,29) :: CALL SOUND(200,880,24,587,24,349,29)
210 CALL SOUND(200,880,26,587,26,349,29) :: CALL SOUND(200,880,26,587,26,294,29) :: CALL SOUND(200,880,28,587,28,294,29)
220 CALL SOUND(200,880,28,587,28,220,29) :: CALL SOUND(200,880,29,587,29,220,29)
225 STOP
230 !FSHIP
240 CALL SOUND(20,294,27,220,27,175,27) :: CALL SOUND(780,294,29,220,29,175,29) :: CALL SOUND(20,262,27,220,27,175,27)
250 CALL SOUND(580,262,29,220,29,175,29) :: CALL SOUND(20,262,30,220,30,175,30) :: CALL SOUND(150,262,27,220,27,175,30)
260 CALL SOUND(50,294,27,220,27,175,25) :: CALL SOUND(950,294,29,220,29,175,29) :: CALL SOUND(200,110,30,110,30,110,30)
270 CALL SOUND(100,392,28) :: CALL SOUND(100,440,28) :: CALL SOUND(600,466,28,349,28,294,28) :: CALL SOUND(100,440,28)
280 CALL SOUND(100,392,28) :: CALL SOUND(600,349,28,262,28,220,28) :: CALL SOUND(200,392,28)
290 CALL SOUND(800,262,28,330,28,392,28) :: CALL SOUND(20,110,30,110,30,110,30) :: CALL SOUND(400,262,28,349,28,196,28)
300 CALL SOUND(20,110,30,110,30,110,30) :: CALL SOUND(400,262,28,330,28,196,28) :: CALL SOUND(20,294,28,220,28,175,28)
310 CALL SOUND(780,294,29,220,29,175,29) :: CALL SOUND(20,262,28,220,28,175,28) :: CALL SOUND(580,262,29,220,29,175,29)
320 CALL SOUND(20,262,30,220,30,175,30) :: CALL SOUND(150,262,28,220,28,175,30) :: CALL SOUND(50,294,27,220,27,175,27)
330 CALL SOUND(950,294,29,220,29,175,29) :: CALL SOUND(200,110,30,110,30,110,30) :: CALL SOUND(100,392,28)
340 CALL SOUND(100,440,28) :: CALL SOUND(600,466,28,349,28,294,28) :: CALL SOUND(100,440,28) :: CALL SOUND(100,392,28)
350 CALL SOUND(600,349,28,262,28,220,28) :: CALL SOUND(200,392,28) :: CALL SOUND(1200,440,28,277,28,330,28)
360 STOP

